nth Fibonacci Fast Doubling Fast Doubling no clz
0 28 32
1 20 34
2 28 29
3 39 41
4 32 34
5 43 37
6 47 44
7 46 37
8 43 55
9 56 52
10 64 58
11 61 60
12 71 54
13 67 43
14 63 57
15 71 61
16 72 69
17 92 74
18 85 85
19 84 85
20 84 82
21 80 81
22 86 71
23 90 79
24 67 93
25 92 72
26 97 93
27 108 107
28 102 78
29 96 99
30 110 76
31 90 101
32 103 110
33 117 107
34 108 109
35 109 118
36 117 125
37 116 98
38 106 123
39 90 93
40 119 116
41 140 118
42 138 142
43 196 111
44 109 101
45 109 150
46 101 124
47 104 114
48 155 121
49 112 131
50 106 373
51 102 170
52 163 172
53 170 178
54 173 122
55 168 148
56 128 164
57 167 150
58 139 154
59 155 136
60 176 175
61 150 180
62 157 184
63 135 152
64 180 183
65 181 161
66 183 143
67 117 157
68 180 146
69 164 215
70 151 160
71 165 178
72 151 212
73 214 217
74 185 226
75 188 464
76 179 209
77 222 216
78 222 187
79 206 195
80 191 728
81 416 226
82 178 231
83 210 181
84 194 196
85 221 158
86 229 180
87 231 172
88 194 175
89 232 202
90 182 181
91 190 196
92 167 258
93 202 200
94 236 213
95 237 221
96 209 196
97 250 233
98 256 232
99 238 193
100 208 201
