nth Fibonacci Fast Doubling Fast Doubling no clz loop
0 28 32 27
1 20 34 19
2 28 29 28
3 39 41 33
4 32 34 31
5 43 37 31
6 47 44 32
7 46 37 33
8 43 55 35
9 56 52 34
10 64 58 36
11 61 60 37
12 71 54 40
13 67 43 41
14 63 57 57
15 71 61 49
16 72 69 51
17 92 74 50
18 85 85 52
19 84 85 61
20 84 82 50
21 80 81 51
22 86 71 51
23 90 79 55
24 67 93 53
25 92 72 54
26 97 93 60
27 108 107 60
28 102 78 60
29 96 99 61
30 110 76 64
31 90 101 65
32 103 110 61
33 117 107 68
34 108 109 78
35 109 118 75
36 117 125 77
37 116 98 84
38 106 123 68
39 90 93 71
40 119 116 83
41 140 118 73
42 138 142 79
43 196 111 75
44 109 101 82
45 109 150 83
46 101 124 90
47 104 114 82
48 155 121 101
49 112 131 82
50 106 373 85
51 102 170 96
52 163 172 92
53 170 178 92
54 173 122 95
55 168 148 107
56 128 164 93
57 167 150 95
58 139 154 103
59 155 136 100
60 176 175 101
61 150 180 101
62 157 184 112
63 135 152 111
64 180 183 117
65 181 161 114
66 183 143 122
67 117 157 118
68 180 146 114
69 164 215 121
70 151 160 116
71 165 178 128
72 151 212 132
73 214 217 121
74 185 226 124
75 188 464 129
76 179 209 124
77 222 216 132
78 222 187 128
79 206 195 141
80 191 728 132
81 416 226 133
82 178 231 144
83 210 181 143
84 194 196 147
85 221 158 130
86 229 180 137
87 231 172 157
88 194 175 141
89 232 202 138
90 182 181 149
91 190 196 156
92 167 258 158
93 202 200 147
94 236 213 141
95 237 221 139
96 209 196 136
97 250 233 160
98 256 232 142
99 238 193 142
100 208 201 212
