nth Fibonacci Fast Doubling
0 28
1 20
2 28
3 39
4 32
5 43
6 47
7 46
8 43
9 56
10 64
11 61
12 71
13 67
14 63
15 71
16 72
17 92
18 85
19 84
20 84
21 80
22 86
23 90
24 67
25 92
26 97
27 108
28 102
29 96
30 110
31 90
32 103
33 117
34 108
35 109
36 117
37 116
38 106
39 90
40 119
41 140
42 138
43 196
44 109
45 109
46 101
47 104
48 155
49 112
50 106
51 102
52 163
53 170
54 173
55 168
56 128
57 167
58 139
59 155
60 176
61 150
62 157
63 135
64 180
65 181
66 183
67 117
68 180
69 164
70 151
71 165
72 151
73 214
74 185
75 188
76 179
77 222
78 222
79 206
80 191
81 416
82 178
83 210
84 194
85 221
86 229
87 231
88 194
89 232
90 182
91 190
92 167
93 202
94 236
95 237
96 209
97 250
98 256
99 238
100 208
